          92
   0.0000000000000000        0.0000000000000000     
  0.50000000000000000        0.0000000000000000     
   1.0000000000000000        0.0000000000000000     
   1.5000000000000000        0.0000000000000000     
   2.0000000000000000        0.0000000000000000     
   2.5000000000000000        0.0000000000000000     
   3.0000000000000000        0.0000000000000000     
   3.5000000000000000        0.0000000000000000     
   3.5000000000000000       0.50000000000000000     
   3.5000000000000000        1.0000000000000000     
   3.5000000000000000        1.5000000000000000     
   3.5000000000000000        2.0000000000000000     
   3.5000000000000000        2.5000000000000000     
   3.5000000000000000        3.0000000000000000     
   3.0000000000000000        3.0000000000000000     
   2.5000000000000000        3.0000000000000000     
   2.0000000000000000        3.0000000000000000     
   1.5000000000000000        3.0000000000000000     
   1.0000000000000000        3.0000000000000000     
  0.50000000000000000        3.0000000000000000     
   0.0000000000000000        3.0000000000000000     
   0.0000000000000000        2.5000000000000000     
   0.0000000000000000        2.0000000000000000     
   0.0000000000000000        1.5000000000000000     
   0.0000000000000000        1.0000000000000000     
   0.0000000000000000       0.50000000000000000     
   1.0000000000000000        1.0000000000000000     
   1.0000000000000000        1.5000000000000000     
   1.0000000000000000        2.0000000000000000     
   1.5000000000000000        2.0000000000000000     
   2.0000000000000000        2.0000000000000000     
   2.5000000000000000        2.0000000000000000     
   2.5000000000000000        1.5000000000000000     
   2.5000000000000000        1.0000000000000000     
   2.0000000000000000        1.0000000000000000     
   1.5000000000000000        1.0000000000000000     
  0.25000000000000000       0.26999999977648259     
  0.30780526326652036       0.58370137281092338     
  0.54443225203874179       0.37792195683317575     
  0.60329525545089635       0.68454798585303778     
  0.36834200863495437       0.88965299652012209     
  0.66337985792682386       0.99050159969365714     
  0.42853146491580091        1.1955642132989825     
  0.72354103518523205        1.2964129323209557     
  0.48869919649805660        1.5014728951392959     
  0.83902208490291375       0.48033252251444225     
  0.78038490299758057       0.17409820997741460     
   1.0748859443505610       0.27643871926145613     
   1.1335271920686165       0.58264504634337155     
   1.3693875109702840       0.37875736276087529     
   1.4280290127795294       0.68496194066936278     
   1.6638891103927924       0.48107463956946034     
   1.7225306280826509       0.78727910815428626     
   1.9583907118653721       0.58339183095955827     
   1.8997491976223178       0.27718736835727958     
   2.1942507977396351       0.37950455867839550     
   2.2528923120447231       0.68570902085362850     
   2.4887523978649604       0.48182174866584532     
   2.7643026621325517       0.24721201261113346     
   2.8015623359793911       0.57009610277589839     
   3.0511525504206487       0.37770241920327435     
   3.0911952245785392       0.68774150590276550     
   2.8447702906251831       0.87907018792450786     
   3.1335659360529027       0.99667143460502006     
   2.8873397189971342        1.1879327595596800     
   3.1760829694327013        1.3055312132249195     
   2.9298691756769388        1.4967883252177385     
   3.2186091511620023        1.6143866041891810     
   2.9723961338761455        1.8056434528595886     
  0.24353584638706083        1.7707352210616913     
  0.30683974992750607        2.0819596216316274     
  0.53977002834542476        1.8725306642168396     
  0.60382614985442096        2.1780238128772456     
  0.37223685517740945        2.3868867131626028     
  0.66885877673024885        2.4829583721716646     
  0.43735345024854588        2.6917857307540922     
  0.73395257875424469        2.7878578511607897     
  0.96545515579668817        2.5790354851665005     
  0.90036209101745668        2.2741372255353021     
   1.1969581857952414        2.3702141238719450     
   1.2620512615132236        2.6751122951205262     
   1.4935542807715394        2.4662909533283774     
   1.7667513472535079        2.2368774339839144     
   1.8037827185447015        2.5583513480386721     
   2.0534933094267434        2.3667167461266216     
   2.0930170568584070        2.6767291220576817     
   2.3410872954665329        2.4875767851528101     
   3.2300000002235176        2.2500000000000000     
   3.1815598316773142        2.5731153817451919     
   2.9387638117891051        2.3715277021414356     
   2.8876871468581871        2.6800533074633131     
   2.6468510769029128        2.4816920057995997     
